52 37
52 37
11967.0 434.0 112.0 22.0 7.0 1.0 0.0 0.0 412.0 480.0 318.0 68.0 12.0 3.0 0.0 0.0 125.0 263.0 319.0 288.0 52.0 6.0 0.0 0.0 30.0 85.0 216.0 325.0 234.0 29.0 0.0 0.0 9.0 28.0 79.0 190.0 476.0 109.0 1.0 0.0 0.0 3.0 9.0 26.0 110.0 236.0 0.0 0.0 0.0 0.0 0.0 0.0 1.0 0.0 0.0 0.0 0.0 0.0 0.0 0.0 0.0 0.0 0.0 0.0 275.0 12.0 2.0 0.0 0.0 0.0 0.0 0.0 13.0 11.0 4.0 2.0 0.0 0.0 0.0 0.0 0.0 6.0 4.0 1.0 1.0 0.0 0.0 0.0 1.0 1.0 1.0 0.0 0.0 0.0 0.0 0.0 0.0 0.0 1.0 0.0 0.0 0.0 0.0 0.0 0.0 0.0 0.0 0.0 0.0 0.0 0.0 0.0 0.0 0.0 0.0 0.0 0.0 0.0 0.0 0.0 0.0 0.0 0.0 0.0 0.0 0.0 0.0 0.0 
261.0 9.0 0.0 1.0 0.0 0.0 0.0 0.0 6.0 4.0 4.0 0.0 0.0 0.0 0.0 0.0 3.0 1.0 1.0 4.0 0.0 0.0 0.0 0.0 1.0 0.0 1.0 5.0 5.0 0.0 0.0 0.0 0.0 0.0 3.0 2.0 24.0 0.0 0.0 0.0 0.0 0.0 0.0 0.0 0.0 0.0 0.0 0.0 0.0 0.0 0.0 0.0 0.0 0.0 0.0 0.0 0.0 0.0 0.0 0.0 0.0 0.0 0.0 0.0 
249.0 11.0 0.0 0.0 0.0 0.0 0.0 0.0 10.0 17.0 8.0 3.0 0.0 0.0 0.0 0.0 1.0 5.0 4.0 4.0 0.0 0.0 0.0 0.0 0.0 3.0 2.0 8.0 3.0 0.0 0.0 0.0 0.0 2.0 0.0 1.0 4.0 0.0 0.0 0.0 0.0 0.0 0.0 0.0 0.0 0.0 0.0 0.0 0.0 0.0 0.0 0.0 0.0 0.0 0.0 0.0 0.0 0.0 0.0 0.0 0.0 0.0 0.0 0.0 
264.0 7.0 1.0 0.0 0.0 0.0 0.0 0.0 5.0 9.0 9.0 1.0 0.0 0.0 0.0 0.0 3.0 5.0 4.0 5.0 0.0 0.0 0.0 0.0 0.0 2.0 2.0 4.0 3.0 0.0 0.0 0.0 0.0 1.0 1.0 1.0 8.0 0.0 0.0 0.0 0.0 0.0 0.0 0.0 0.0 0.0 0.0 0.0 0.0 0.0 0.0 0.0 0.0 0.0 0.0 0.0 0.0 0.0 0.0 0.0 0.0 0.0 0.0 0.0 
246.0 7.0 3.0 1.0 0.0 0.0 0.0 0.0 2.0 3.0 9.0 0.0 2.0 0.0 0.0 0.0 9.0 1.0 5.0 4.0 2.0 0.0 0.0 0.0 0.0 3.0 4.0 7.0 5.0 0.0 0.0 0.0 0.0 2.0 0.0 7.0 11.0 1.0 0.0 0.0 0.0 0.0 0.0 0.0 1.0 0.0 0.0 0.0 0.0 0.0 0.0 0.0 0.0 0.0 0.0 0.0 0.0 0.0 0.0 0.0 0.0 0.0 0.0 0.0 
260.0 5.0 3.0 1.0 2.0 0.0 0.0 0.0 5.0 2.0 5.0 0.0 0.0 0.0 0.0 0.0 3.0 2.0 2.0 6.0 1.0 0.0 0.0 0.0 3.0 2.0 3.0 6.0 4.0 0.0 0.0 0.0 0.0 1.0 1.0 4.0 8.0 3.0 0.0 0.0 0.0 0.0 0.0 1.0 2.0 0.0 0.0 0.0 0.0 0.0 0.0 0.0 0.0 0.0 0.0 0.0 0.0 0.0 0.0 0.0 0.0 0.0 0.0 0.0 
235.0 3.0 6.0 1.0 1.0 0.0 0.0 0.0 4.0 1.0 3.0 3.0 0.0 0.0 0.0 0.0 3.0 1.0 5.0 7.0 1.0 0.0 0.0 0.0 4.0 3.0 1.0 5.0 8.0 1.0 0.0 0.0 0.0 3.0 2.0 6.0 13.0 4.0 0.0 0.0 0.0 0.0 0.0 0.0 5.0 6.0 0.0 0.0 0.0 0.0 0.0 0.0 0.0 0.0 0.0 0.0 0.0 0.0 0.0 0.0 0.0 0.0 0.0 0.0 
241.0 4.0 5.0 0.0 1.0 0.0 0.0 0.0 5.0 6.0 5.0 0.0 0.0 0.0 0.0 0.0 5.0 4.0 3.0 6.0 2.0 0.0 0.0 0.0 0.0 2.0 4.0 6.0 5.0 0.0 0.0 0.0 0.0 0.0 3.0 4.0 10.0 5.0 0.0 0.0 0.0 0.0 0.0 1.0 4.0 4.0 0.0 0.0 0.0 0.0 0.0 0.0 0.0 0.0 0.0 0.0 0.0 0.0 0.0 0.0 0.0 0.0 0.0 0.0 
260.0 11.0 3.0 0.0 0.0 0.0 0.0 0.0 10.0 9.0 2.0 2.0 1.0 0.0 0.0 0.0 2.0 3.0 5.0 3.0 0.0 0.0 0.0 0.0 2.0 1.0 1.0 3.0 3.0 0.0 0.0 0.0 0.0 0.0 2.0 2.0 3.0 1.0 0.0 0.0 0.0 0.0 0.0 0.0 1.0 5.0 0.0 0.0 0.0 0.0 0.0 0.0 0.0 0.0 0.0 0.0 0.0 0.0 0.0 0.0 0.0 0.0 0.0 0.0 
221.0 7.0 3.0 1.0 0.0 0.0 0.0 0.0 11.0 7.0 5.0 0.0 0.0 0.0 0.0 0.0 0.0 7.0 4.0 6.0 1.0 0.0 0.0 0.0 0.0 0.0 3.0 7.0 11.0 1.0 0.0 0.0 0.0 2.0 2.0 7.0 11.0 4.0 0.0 0.0 0.0 0.0 1.0 1.0 3.0 9.0 0.0 0.0 0.0 0.0 0.0 0.0 0.0 0.0 0.0 0.0 0.0 0.0 0.0 0.0 0.0 0.0 0.0 0.0 
227.0 8.0 0.0 1.0 0.0 0.0 0.0 0.0 8.0 6.0 7.0 2.0 2.0 0.0 0.0 0.0 0.0 8.0 7.0 7.0 0.0 0.0 0.0 0.0 1.0 1.0 6.0 10.0 7.0 1.0 0.0 0.0 0.0 2.0 2.0 6.0 6.0 1.0 0.0 0.0 0.0 0.0 0.0 0.0 2.0 7.0 0.0 0.0 0.0 0.0 0.0 0.0 0.0 0.0 0.0 0.0 0.0 0.0 0.0 0.0 0.0 0.0 0.0 0.0 
210.0 7.0 4.0 0.0 1.0 0.0 0.0 0.0 8.0 8.0 6.0 0.0 1.0 0.0 0.0 0.0 3.0 7.0 7.0 9.0 2.0 1.0 0.0 0.0 0.0 1.0 9.0 9.0 6.0 0.0 0.0 0.0 1.0 0.0 3.0 7.0 11.0 3.0 0.0 0.0 0.0 0.0 0.0 0.0 4.0 7.0 0.0 0.0 0.0 0.0 0.0 0.0 0.0 0.0 0.0 0.0 0.0 0.0 0.0 0.0 0.0 0.0 0.0 0.0 
220.0 8.0 6.0 0.0 0.0 0.0 0.0 0.0 10.0 15.0 6.0 1.0 0.0 1.0 0.0 0.0 4.0 6.0 15.0 9.0 1.0 1.0 0.0 0.0 0.0 4.0 7.0 2.0 3.0 0.0 0.0 0.0 0.0 0.0 2.0 3.0 3.0 2.0 0.0 0.0 0.0 0.0 0.0 1.0 3.0 2.0 0.0 0.0 0.0 0.0 0.0 0.0 0.0 0.0 0.0 0.0 0.0 0.0 0.0 0.0 0.0 0.0 0.0 0.0 
220.0 11.0 0.0 1.0 0.0 0.0 0.0 0.0 10.0 18.0 5.0 4.0 0.0 1.0 0.0 0.0 2.0 8.0 10.0 1.0 1.0 0.0 0.0 0.0 0.0 1.0 5.0 11.0 3.0 2.0 0.0 0.0 0.0 0.0 2.0 5.0 5.0 1.0 0.0 0.0 0.0 0.0 0.0 0.0 4.0 4.0 0.0 0.0 0.0 0.0 0.0 0.0 0.0 0.0 0.0 0.0 0.0 0.0 0.0 0.0 0.0 0.0 0.0 0.0 
215.0 14.0 1.0 0.0 0.0 0.0 0.0 0.0 14.0 13.0 9.0 1.0 0.0 0.0 0.0 0.0 0.0 8.0 6.0 5.0 3.0 0.0 0.0 0.0 1.0 1.0 4.0 4.0 7.0 0.0 0.0 0.0 0.0 0.0 2.0 6.0 5.0 4.0 0.0 0.0 0.0 1.0 0.0 1.0 2.0 8.0 0.0 0.0 0.0 0.0 0.0 0.0 0.0 0.0 0.0 0.0 0.0 0.0 0.0 0.0 0.0 0.0 0.0 0.0 
239.0 10.0 2.0 0.0 0.0 0.0 0.0 0.0 8.0 6.0 6.0 0.0 0.0 0.0 0.0 0.0 2.0 4.0 3.0 4.0 1.0 0.0 0.0 0.0 1.0 0.0 2.0 2.0 5.0 3.0 0.0 0.0 1.0 0.0 0.0 6.0 6.0 5.0 0.0 0.0 0.0 0.0 1.0 1.0 6.0 11.0 0.0 0.0 0.0 0.0 0.0 0.0 0.0 0.0 0.0 0.0 0.0 0.0 0.0 0.0 0.0 0.0 0.0 0.0 
207.0 8.0 3.0 0.0 0.0 0.0 0.0 0.0 7.0 23.0 12.0 5.0 0.0 0.0 0.0 0.0 1.0 11.0 9.0 7.0 3.0 0.0 0.0 0.0 2.0 5.0 5.0 8.0 3.0 0.0 0.0 0.0 1.0 0.0 1.0 3.0 2.0 3.0 0.0 0.0 0.0 0.0 1.0 0.0 2.0 3.0 0.0 0.0 0.0 0.0 0.0 0.0 0.0 0.0 0.0 0.0 0.0 0.0 0.0 0.0 0.0 0.0 0.0 0.0 
232.0 15.0 1.0 2.0 0.0 0.0 0.0 0.0 14.0 16.0 8.0 2.0 0.0 0.0 0.0 0.0 3.0 7.0 6.0 4.0 0.0 0.0 0.0 0.0 1.0 2.0 4.0 3.0 2.0 1.0 0.0 0.0 0.0 0.0 0.0 2.0 6.0 1.0 0.0 0.0 0.0 0.0 1.0 0.0 1.0 1.0 0.0 0.0 0.0 0.0 0.0 0.0 0.0 0.0 0.0 0.0 0.0 0.0 0.0 0.0 0.0 0.0 0.0 0.0 
209.0 16.0 6.0 0.0 0.0 0.0 0.0 0.0 14.0 13.0 8.0 2.0 1.0 0.0 0.0 0.0 5.0 4.0 4.0 9.0 1.0 0.0 0.0 0.0 1.0 4.0 4.0 6.0 5.0 0.0 0.0 0.0 2.0 1.0 1.0 3.0 5.0 2.0 0.0 0.0 0.0 0.0 0.0 0.0 2.0 7.0 0.0 0.0 0.0 0.0 0.0 0.0 0.0 0.0 0.0 0.0 0.0 0.0 0.0 0.0 0.0 0.0 0.0 0.0 
225.0 6.0 1.0 0.0 0.0 0.0 0.0 0.0 3.0 16.0 5.0 1.0 0.0 0.0 0.0 0.0 4.0 3.0 8.0 4.0 1.0 0.0 0.0 0.0 0.0 0.0 4.0 1.0 7.0 1.0 0.0 0.0 0.0 0.0 2.0 6.0 14.0 2.0 1.0 0.0 0.0 0.0 0.0 1.0 2.0 16.0 0.0 0.0 0.0 0.0 0.0 0.0 1.0 0.0 0.0 0.0 0.0 0.0 0.0 0.0 0.0 0.0 0.0 0.0 
195.0 10.0 3.0 4.0 0.0 0.0 0.0 0.0 9.0 11.0 8.0 0.0 0.0 0.0 0.0 0.0 6.0 6.0 9.0 9.0 0.0 0.0 0.0 0.0 2.0 0.0 9.0 6.0 7.0 3.0 0.0 0.0 0.0 1.0 1.0 4.0 7.0 4.0 0.0 0.0 0.0 0.0 0.0 4.0 3.0 14.0 0.0 0.0 0.0 0.0 0.0 0.0 0.0 0.0 0.0 0.0 0.0 0.0 0.0 0.0 0.0 0.0 0.0 0.0 
229.0 10.0 0.0 0.0 0.0 0.0 0.0 0.0 8.0 22.0 6.0 4.0 0.0 0.0 0.0 0.0 1.0 6.0 9.0 5.0 1.0 0.0 0.0 0.0 1.0 2.0 6.0 7.0 2.0 2.0 0.0 0.0 0.0 0.0 0.0 3.0 2.0 2.0 0.0 0.0 0.0 0.0 1.0 1.0 2.0 3.0 0.0 0.0 0.0 0.0 0.0 0.0 0.0 0.0 0.0 0.0 0.0 0.0 0.0 0.0 0.0 0.0 0.0 0.0 
197.0 12.0 0.0 0.0 1.0 0.0 0.0 0.0 6.0 10.0 15.0 1.0 1.0 0.0 0.0 0.0 5.0 8.0 6.0 7.0 1.0 0.0 0.0 0.0 2.0 2.0 4.0 8.0 7.0 0.0 0.0 0.0 0.0 0.0 2.0 7.0 11.0 7.0 0.0 0.0 0.0 1.0 0.0 0.0 6.0 8.0 0.0 0.0 0.0 0.0 0.0 0.0 0.0 0.0 0.0 0.0 0.0 0.0 0.0 0.0 0.0 0.0 0.0 0.0 
195.0 13.0 2.0 0.0 0.0 0.0 0.0 0.0 9.0 28.0 12.0 1.0 0.0 1.0 0.0 0.0 4.0 4.0 11.0 8.0 3.0 0.0 0.0 0.0 1.0 4.0 4.0 6.0 4.0 1.0 0.0 0.0 1.0 2.0 0.0 4.0 8.0 3.0 0.0 0.0 0.0 0.0 1.0 1.0 3.0 1.0 0.0 0.0 0.0 0.0 0.0 0.0 0.0 0.0 0.0 0.0 0.0 0.0 0.0 0.0 0.0 0.0 0.0 0.0 
190.0 8.0 0.0 0.0 1.0 0.0 0.0 0.0 7.0 6.0 7.0 1.0 0.0 0.0 0.0 0.0 2.0 6.0 13.0 8.0 1.0 0.0 0.0 0.0 0.0 1.0 7.0 15.0 8.0 0.0 0.0 0.0 0.0 0.0 3.0 6.0 15.0 5.0 0.0 0.0 0.0 0.0 0.0 1.0 4.0 20.0 0.0 0.0 0.0 0.0 0.0 0.0 0.0 0.0 0.0 0.0 0.0 0.0 0.0 0.0 0.0 0.0 0.0 0.0 
204.0 7.0 1.0 0.0 0.0 0.0 0.0 0.0 8.0 5.0 7.0 0.0 0.0 0.0 0.0 0.0 0.0 8.0 5.0 7.0 0.0 0.0 0.0 0.0 0.0 0.0 5.0 10.0 6.0 0.0 0.0 0.0 0.0 0.0 2.0 4.0 16.0 8.0 0.0 0.0 0.0 0.0 0.0 0.0 8.0 24.0 0.0 0.0 0.0 0.0 0.0 0.0 0.0 0.0 0.0 0.0 0.0 0.0 0.0 0.0 0.0 0.0 0.0 0.0 
206.0 8.0 1.0 0.0 0.0 0.0 0.0 0.0 8.0 11.0 12.0 1.0 0.0 0.0 0.0 0.0 1.0 9.0 15.0 4.0 2.0 1.0 0.0 0.0 0.0 4.0 3.0 4.0 5.0 2.0 0.0 0.0 0.0 0.0 1.0 7.0 8.0 4.0 0.0 0.0 0.0 0.0 0.0 2.0 5.0 11.0 0.0 0.0 0.0 0.0 0.0 0.0 0.0 0.0 0.0 0.0 0.0 0.0 0.0 0.0 0.0 0.0 0.0 0.0 
209.0 11.0 2.0 0.0 0.0 0.0 0.0 0.0 10.0 13.0 10.0 0.0 0.0 0.0 0.0 0.0 2.0 6.0 1.0 10.0 1.0 0.0 0.0 0.0 1.0 3.0 4.0 13.0 8.0 0.0 0.0 0.0 0.0 0.0 3.0 4.0 19.0 2.0 0.0 0.0 0.0 0.0 0.0 2.0 0.0 1.0 0.0 0.0 0.0 0.0 0.0 0.0 0.0 0.0 0.0 0.0 0.0 0.0 0.0 0.0 0.0 0.0 0.0 0.0 
199.0 10.0 6.0 0.0 0.0 0.0 0.0 0.0 9.0 9.0 7.0 7.0 0.0 0.0 0.0 0.0 5.0 8.0 8.0 5.0 2.0 0.0 0.0 0.0 1.0 4.0 6.0 13.0 2.0 3.0 0.0 0.0 1.0 1.0 1.0 2.0 5.0 3.0 0.0 0.0 0.0 0.0 0.0 2.0 4.0 12.0 0.0 0.0 0.0 0.0 0.0 0.0 0.0 0.0 0.0 0.0 0.0 0.0 0.0 0.0 0.0 0.0 0.0 0.0 
216.0 12.0 2.0 0.0 0.0 0.0 0.0 0.0 11.0 12.0 6.0 2.0 0.0 0.0 0.0 0.0 3.0 5.0 7.0 6.0 5.0 0.0 0.0 0.0 0.0 2.0 9.0 8.0 1.0 0.0 0.0 0.0 0.0 0.0 2.0 4.0 16.0 2.0 0.0 0.0 0.0 0.0 0.0 0.0 2.0 2.0 0.0 0.0 0.0 0.0 0.0 0.0 0.0 0.0 0.0 0.0 0.0 0.0 0.0 0.0 0.0 0.0 0.0 0.0 
199.0 7.0 1.0 0.0 0.0 0.0 0.0 0.0 7.0 6.0 6.0 2.0 0.0 0.0 0.0 0.0 1.0 4.0 4.0 7.0 0.0 1.0 0.0 0.0 0.0 4.0 5.0 15.0 6.0 1.0 0.0 0.0 0.0 0.0 0.0 7.0 26.0 5.0 0.0 0.0 0.0 0.0 1.0 0.0 6.0 14.0 0.0 0.0 0.0 0.0 0.0 0.0 0.0 0.0 0.0 0.0 0.0 0.0 0.0 0.0 0.0 0.0 0.0 0.0 
233.0 6.0 1.0 0.0 0.0 0.0 0.0 0.0 6.0 10.0 11.0 3.0 0.0 0.0 0.0 0.0 1.0 13.0 8.0 8.0 0.0 0.0 0.0 0.0 0.0 1.0 9.0 6.0 4.0 0.0 0.0 0.0 0.0 0.0 1.0 3.0 9.0 1.0 0.0 0.0 0.0 0.0 0.0 0.0 1.0 0.0 0.0 0.0 0.0 0.0 0.0 0.0 0.0 0.0 0.0 0.0 0.0 0.0 0.0 0.0 0.0 0.0 0.0 0.0 
209.0 11.0 1.0 0.0 0.0 0.0 0.0 0.0 10.0 13.0 5.0 4.0 0.0 0.0 0.0 0.0 2.0 5.0 14.0 7.0 2.0 0.0 0.0 0.0 0.0 2.0 8.0 9.0 7.0 2.0 0.0 0.0 0.0 1.0 2.0 8.0 9.0 1.0 0.0 0.0 0.0 0.0 0.0 0.0 3.0 0.0 0.0 0.0 0.0 0.0 0.0 0.0 0.0 0.0 0.0 0.0 0.0 0.0 0.0 0.0 0.0 0.0 0.0 0.0 
214.0 8.0 0.0 2.0 0.0 0.0 0.0 0.0 8.0 7.0 7.0 3.0 0.0 0.0 0.0 0.0 2.0 8.0 10.0 9.0 0.0 1.0 0.0 0.0 0.0 2.0 11.0 6.0 8.0 0.0 0.0 0.0 0.0 0.0 2.0 4.0 7.0 4.0 0.0 0.0 0.0 0.0 0.0 3.0 2.0 7.0 0.0 0.0 0.0 0.0 0.0 0.0 0.0 0.0 0.0 0.0 0.0 0.0 0.0 0.0 0.0 0.0 0.0 0.0 
239.0 10.0 2.0 0.0 0.0 0.0 0.0 0.0 11.0 15.0 6.0 1.0 0.0 0.0 0.0 0.0 0.0 7.0 4.0 2.0 3.0 0.0 0.0 0.0 0.0 1.0 4.0 5.0 3.0 0.0 0.0 0.0 1.0 0.0 0.0 5.0 11.0 1.0 0.0 0.0 0.0 0.0 0.0 0.0 1.0 3.0 0.0 0.0 0.0 0.0 0.0 0.0 0.0 0.0 0.0 0.0 0.0 0.0 0.0 0.0 0.0 0.0 0.0 0.0 
219.0 12.0 1.0 0.0 0.0 0.0 0.0 0.0 10.0 13.0 6.0 2.0 0.0 0.0 0.0 0.0 3.0 4.0 10.0 6.0 1.0 1.0 0.0 0.0 0.0 2.0 4.0 4.0 3.0 2.0 0.0 0.0 0.0 0.0 3.0 3.0 8.0 1.0 0.0 0.0 0.0 0.0 1.0 0.0 3.0 13.0 0.0 0.0 0.0 0.0 0.0 0.0 0.0 0.0 0.0 0.0 0.0 0.0 0.0 0.0 0.0 0.0 0.0 0.0 
260.0 7.0 2.0 0.0 0.0 0.0 0.0 0.0 8.0 8.0 6.0 0.0 0.0 0.0 0.0 0.0 1.0 6.0 8.0 7.0 0.0 0.0 0.0 0.0 0.0 1.0 4.0 4.0 3.0 0.0 0.0 0.0 0.0 0.0 2.0 0.0 5.0 1.0 0.0 0.0 0.0 0.0 0.0 1.0 0.0 1.0 0.0 0.0 0.0 0.0 0.0 0.0 0.0 0.0 0.0 0.0 0.0 0.0 0.0 0.0 0.0 0.0 0.0 0.0 
241.0 5.0 4.0 0.0 0.0 0.0 0.0 0.0 7.0 3.0 2.0 1.0 0.0 0.0 0.0 0.0 2.0 5.0 4.0 7.0 0.0 0.0 0.0 0.0 0.0 0.0 7.0 10.0 7.0 1.0 0.0 0.0 0.0 0.0 1.0 7.0 11.0 3.0 0.0 0.0 0.0 0.0 0.0 0.0 4.0 3.0 0.0 0.0 0.0 0.0 0.0 0.0 0.0 0.0 0.0 0.0 0.0 0.0 0.0 0.0 0.0 0.0 0.0 0.0 
252.0 6.0 4.0 1.0 0.0 0.0 0.0 0.0 8.0 7.0 4.0 1.0 0.0 0.0 0.0 0.0 2.0 5.0 7.0 5.0 1.0 0.0 0.0 0.0 1.0 0.0 4.0 4.0 5.0 0.0 0.0 0.0 0.0 1.0 1.0 3.0 8.0 2.0 0.0 0.0 0.0 1.0 0.0 0.0 1.0 1.0 0.0 0.0 0.0 0.0 0.0 0.0 0.0 0.0 0.0 0.0 0.0 0.0 0.0 0.0 0.0 0.0 0.0 0.0 
240.0 2.0 5.0 1.0 0.0 1.0 0.0 0.0 5.0 4.0 2.0 0.0 0.0 0.0 0.0 0.0 4.0 3.0 16.0 7.0 3.0 0.0 0.0 0.0 0.0 2.0 6.0 7.0 5.0 1.0 0.0 0.0 0.0 0.0 3.0 4.0 7.0 2.0 0.0 0.0 0.0 0.0 1.0 2.0 1.0 1.0 0.0 0.0 0.0 0.0 0.0 0.0 0.0 0.0 0.0 0.0 0.0 0.0 0.0 0.0 0.0 0.0 0.0 0.0 
251.0 2.0 6.0 0.0 0.0 0.0 0.0 0.0 7.0 3.0 0.0 0.0 1.0 0.0 0.0 0.0 1.0 3.0 6.0 5.0 2.0 0.0 0.0 0.0 0.0 0.0 2.0 5.0 6.0 0.0 0.0 0.0 0.0 3.0 3.0 3.0 12.0 4.0 0.0 0.0 0.0 0.0 0.0 0.0 4.0 6.0 0.0 0.0 0.0 0.0 0.0 0.0 0.0 0.0 0.0 0.0 0.0 0.0 0.0 0.0 0.0 0.0 0.0 0.0 
256.0 5.0 3.0 0.0 0.0 0.0 0.0 0.0 3.0 10.0 3.0 2.0 1.0 0.0 0.0 0.0 4.0 3.0 4.0 3.0 0.0 0.0 0.0 0.0 1.0 1.0 3.0 9.0 4.0 0.0 0.0 0.0 0.0 0.0 1.0 4.0 15.0 0.0 0.0 0.0 0.0 0.0 0.0 0.0 0.0 0.0 0.0 0.0 0.0 0.0 0.0 0.0 0.0 0.0 0.0 0.0 0.0 0.0 0.0 0.0 0.0 0.0 0.0 0.0 
274.0 11.0 0.0 0.0 0.0 0.0 0.0 0.0 10.0 10.0 6.0 2.0 0.0 0.0 0.0 0.0 1.0 6.0 4.0 2.0 1.0 0.0 0.0 0.0 0.0 0.0 4.0 1.0 0.0 0.0 0.0 0.0 0.0 1.0 0.0 0.0 2.0 0.0 0.0 0.0 0.0 0.0 0.0 0.0 0.0 0.0 0.0 0.0 0.0 0.0 0.0 0.0 0.0 0.0 0.0 0.0 0.0 0.0 0.0 0.0 0.0 0.0 0.0 0.0 
275.0 7.0 4.0 0.0 0.0 0.0 0.0 0.0 8.0 1.0 2.0 0.0 0.0 0.0 0.0 0.0 2.0 1.0 4.0 5.0 1.0 0.0 0.0 0.0 0.0 0.0 2.0 6.0 4.0 0.0 0.0 0.0 1.0 2.0 1.0 1.0 5.0 1.0 0.0 0.0 0.0 0.0 0.0 0.0 1.0 1.0 0.0 0.0 0.0 0.0 0.0 0.0 0.0 0.0 0.0 0.0 0.0 0.0 0.0 0.0 0.0 0.0 0.0 0.0 
253.0 7.0 4.0 0.0 0.0 0.0 0.0 0.0 9.0 5.0 4.0 0.0 1.0 0.0 0.0 0.0 2.0 6.0 5.0 6.0 0.0 0.0 0.0 0.0 0.0 1.0 3.0 5.0 3.0 1.0 0.0 0.0 0.0 0.0 3.0 2.0 12.0 1.0 0.0 0.0 0.0 0.0 0.0 0.0 2.0 0.0 0.0 0.0 0.0 0.0 0.0 0.0 0.0 0.0 0.0 0.0 0.0 0.0 0.0 0.0 0.0 0.0 0.0 0.0 
250.0 6.0 4.0 0.0 0.0 0.0 0.0 0.0 6.0 4.0 6.0 0.0 0.0 0.0 0.0 0.0 4.0 4.0 1.0 6.0 0.0 0.0 0.0 0.0 0.0 1.0 1.0 11.0 6.0 0.0 0.0 0.0 0.0 1.0 3.0 2.0 19.0 0.0 0.0 0.0 0.0 0.0 0.0 0.0 0.0 0.0 0.0 0.0 0.0 0.0 0.0 0.0 0.0 0.0 0.0 0.0 0.0 0.0 0.0 0.0 0.0 0.0 0.0 0.0 
263.0 12.0 0.0 1.0 0.0 0.0 0.0 0.0 10.0 12.0 4.0 0.0 0.0 0.0 0.0 0.0 2.0 1.0 2.0 3.0 0.0 0.0 0.0 0.0 1.0 0.0 1.0 2.0 4.0 0.0 0.0 0.0 0.0 1.0 1.0 2.0 13.0 0.0 0.0 0.0 0.0 0.0 0.0 0.0 0.0 0.0 0.0 0.0 0.0 0.0 0.0 0.0 0.0 0.0 0.0 0.0 0.0 0.0 0.0 0.0 0.0 0.0 0.0 0.0 
281.0 6.0 1.0 1.0 0.0 0.0 0.0 0.0 8.0 12.0 4.0 0.0 0.0 0.0 0.0 0.0 0.0 3.0 2.0 4.0 0.0 0.0 0.0 0.0 0.0 3.0 2.0 3.0 1.0 0.0 0.0 0.0 0.0 0.0 0.0 1.0 3.0 0.0 0.0 0.0 0.0 0.0 0.0 0.0 0.0 0.0 0.0 0.0 0.0 0.0 0.0 0.0 0.0 0.0 0.0 0.0 0.0 0.0 0.0 0.0 0.0 0.0 0.0 0.0 
264.0 9.0 1.0 0.0 0.0 0.0 0.0 0.0 7.0 1.0 6.0 0.0 0.0 0.0 0.0 0.0 3.0 4.0 2.0 5.0 1.0 0.0 0.0 0.0 0.0 0.0 3.0 6.0 4.0 0.0 0.0 0.0 0.0 0.0 3.0 2.0 14.0 0.0 0.0 0.0 0.0 0.0 0.0 0.0 0.0 0.0 0.0 0.0 0.0 0.0 0.0 0.0 0.0 0.0 0.0 0.0 0.0 0.0 0.0 0.0 0.0 0.0 0.0 0.0 
284.0 6.0 0.0 3.0 0.0 0.0 0.0 0.0 5.0 4.0 5.0 0.0 0.0 0.0 0.0 0.0 3.0 2.0 3.0 4.0 0.0 0.0 0.0 0.0 1.0 2.0 3.0 5.0 1.0 0.0 0.0 0.0 0.0 0.0 1.0 0.0 3.0 0.0 0.0 0.0 0.0 0.0 0.0 0.0 0.0 0.0 0.0 0.0 0.0 0.0 0.0 0.0 0.0 0.0 0.0 0.0 0.0 0.0 0.0 0.0 0.0 0.0 0.0 0.0 
254.0 9.0 1.0 0.0 0.0 0.0 0.0 0.0 7.0 2.0 7.0 1.0 1.0 0.0 0.0 0.0 3.0 3.0 5.0 6.0 0.0 0.0 0.0 0.0 0.0 4.0 1.0 5.0 5.0 0.0 0.0 0.0 0.0 0.0 3.0 3.0 15.0 0.0 0.0 0.0 0.0 0.0 0.0 0.0 0.0 0.0 0.0 0.0 0.0 0.0 0.0 0.0 0.0 0.0 0.0 0.0 0.0 0.0 0.0 0.0 0.0 0.0 0.0 0.0 
52 37
11967.0 434.0 112.0 22.0 7.0 1.0 0.0 0.0 412.0 480.0 318.0 68.0 12.0 3.0 0.0 0.0 125.0 263.0 319.0 288.0 52.0 6.0 0.0 0.0 30.0 85.0 216.0 325.0 234.0 29.0 0.0 0.0 9.0 28.0 79.0 190.0 476.0 109.0 1.0 0.0 0.0 3.0 9.0 26.0 110.0 236.0 0.0 0.0 0.0 0.0 0.0 0.0 1.0 0.0 0.0 0.0 0.0 0.0 0.0 0.0 0.0 0.0 0.0 0.0 275.0 12.0 2.0 0.0 0.0 0.0 0.0 0.0 13.0 11.0 4.0 2.0 0.0 0.0 0.0 0.0 0.0 6.0 4.0 1.0 1.0 0.0 0.0 0.0 1.0 1.0 1.0 0.0 0.0 0.0 0.0 0.0 0.0 0.0 1.0 0.0 0.0 0.0 0.0 0.0 0.0 0.0 0.0 0.0 0.0 0.0 0.0 0.0 0.0 0.0 0.0 0.0 0.0 0.0 0.0 0.0 0.0 0.0 0.0 0.0 0.0 0.0 0.0 0.0 
261.0 9.0 0.0 1.0 0.0 0.0 0.0 0.0 6.0 4.0 4.0 0.0 0.0 0.0 0.0 0.0 3.0 1.0 1.0 4.0 0.0 0.0 0.0 0.0 1.0 0.0 1.0 5.0 5.0 0.0 0.0 0.0 0.0 0.0 3.0 2.0 24.0 0.0 0.0 0.0 0.0 0.0 0.0 0.0 0.0 0.0 0.0 0.0 0.0 0.0 0.0 0.0 0.0 0.0 0.0 0.0 0.0 0.0 0.0 0.0 0.0 0.0 0.0 0.0 
249.0 11.0 0.0 0.0 0.0 0.0 0.0 0.0 10.0 17.0 8.0 3.0 0.0 0.0 0.0 0.0 1.0 5.0 4.0 4.0 0.0 0.0 0.0 0.0 0.0 3.0 2.0 8.0 3.0 0.0 0.0 0.0 0.0 2.0 0.0 1.0 4.0 0.0 0.0 0.0 0.0 0.0 0.0 0.0 0.0 0.0 0.0 0.0 0.0 0.0 0.0 0.0 0.0 0.0 0.0 0.0 0.0 0.0 0.0 0.0 0.0 0.0 0.0 0.0 
264.0 7.0 1.0 0.0 0.0 0.0 0.0 0.0 5.0 9.0 9.0 1.0 0.0 0.0 0.0 0.0 3.0 5.0 4.0 5.0 0.0 0.0 0.0 0.0 0.0 2.0 2.0 4.0 3.0 0.0 0.0 0.0 0.0 1.0 1.0 1.0 8.0 0.0 0.0 0.0 0.0 0.0 0.0 0.0 0.0 0.0 0.0 0.0 0.0 0.0 0.0 0.0 0.0 0.0 0.0 0.0 0.0 0.0 0.0 0.0 0.0 0.0 0.0 0.0 
246.0 7.0 3.0 1.0 0.0 0.0 0.0 0.0 2.0 3.0 9.0 0.0 2.0 0.0 0.0 0.0 9.0 1.0 5.0 4.0 2.0 0.0 0.0 0.0 0.0 3.0 4.0 7.0 5.0 0.0 0.0 0.0 0.0 2.0 0.0 7.0 11.0 1.0 0.0 0.0 0.0 0.0 0.0 0.0 1.0 0.0 0.0 0.0 0.0 0.0 0.0 0.0 0.0 0.0 0.0 0.0 0.0 0.0 0.0 0.0 0.0 0.0 0.0 0.0 
260.0 5.0 3.0 1.0 2.0 0.0 0.0 0.0 5.0 2.0 5.0 0.0 0.0 0.0 0.0 0.0 3.0 2.0 2.0 6.0 1.0 0.0 0.0 0.0 3.0 2.0 3.0 6.0 4.0 0.0 0.0 0.0 0.0 1.0 1.0 4.0 8.0 3.0 0.0 0.0 0.0 0.0 0.0 1.0 2.0 0.0 0.0 0.0 0.0 0.0 0.0 0.0 0.0 0.0 0.0 0.0 0.0 0.0 0.0 0.0 0.0 0.0 0.0 0.0 
235.0 3.0 6.0 1.0 1.0 0.0 0.0 0.0 4.0 1.0 3.0 3.0 0.0 0.0 0.0 0.0 3.0 1.0 5.0 7.0 1.0 0.0 0.0 0.0 4.0 3.0 1.0 5.0 8.0 1.0 0.0 0.0 0.0 3.0 2.0 6.0 13.0 4.0 0.0 0.0 0.0 0.0 0.0 0.0 5.0 6.0 0.0 0.0 0.0 0.0 0.0 0.0 0.0 0.0 0.0 0.0 0.0 0.0 0.0 0.0 0.0 0.0 0.0 0.0 
241.0 4.0 5.0 0.0 1.0 0.0 0.0 0.0 5.0 6.0 5.0 0.0 0.0 0.0 0.0 0.0 5.0 4.0 3.0 6.0 2.0 0.0 0.0 0.0 0.0 2.0 4.0 6.0 5.0 0.0 0.0 0.0 0.0 0.0 3.0 4.0 10.0 5.0 0.0 0.0 0.0 0.0 0.0 1.0 4.0 4.0 0.0 0.0 0.0 0.0 0.0 0.0 0.0 0.0 0.0 0.0 0.0 0.0 0.0 0.0 0.0 0.0 0.0 0.0 
260.0 11.0 3.0 0.0 0.0 0.0 0.0 0.0 10.0 9.0 2.0 2.0 1.0 0.0 0.0 0.0 2.0 3.0 5.0 3.0 0.0 0.0 0.0 0.0 2.0 1.0 1.0 3.0 3.0 0.0 0.0 0.0 0.0 0.0 2.0 2.0 3.0 1.0 0.0 0.0 0.0 0.0 0.0 0.0 1.0 5.0 0.0 0.0 0.0 0.0 0.0 0.0 0.0 0.0 0.0 0.0 0.0 0.0 0.0 0.0 0.0 0.0 0.0 0.0 
221.0 7.0 3.0 1.0 0.0 0.0 0.0 0.0 11.0 7.0 5.0 0.0 0.0 0.0 0.0 0.0 0.0 7.0 4.0 6.0 1.0 0.0 0.0 0.0 0.0 0.0 3.0 7.0 11.0 1.0 0.0 0.0 0.0 2.0 2.0 7.0 11.0 4.0 0.0 0.0 0.0 0.0 1.0 1.0 3.0 9.0 0.0 0.0 0.0 0.0 0.0 0.0 0.0 0.0 0.0 0.0 0.0 0.0 0.0 0.0 0.0 0.0 0.0 0.0 
227.0 8.0 0.0 1.0 0.0 0.0 0.0 0.0 8.0 6.0 7.0 2.0 2.0 0.0 0.0 0.0 0.0 8.0 7.0 7.0 0.0 0.0 0.0 0.0 1.0 1.0 6.0 10.0 7.0 1.0 0.0 0.0 0.0 2.0 2.0 6.0 6.0 1.0 0.0 0.0 0.0 0.0 0.0 0.0 2.0 7.0 0.0 0.0 0.0 0.0 0.0 0.0 0.0 0.0 0.0 0.0 0.0 0.0 0.0 0.0 0.0 0.0 0.0 0.0 
210.0 7.0 4.0 0.0 1.0 0.0 0.0 0.0 8.0 8.0 6.0 0.0 1.0 0.0 0.0 0.0 3.0 7.0 7.0 9.0 2.0 1.0 0.0 0.0 0.0 1.0 9.0 9.0 6.0 0.0 0.0 0.0 1.0 0.0 3.0 7.0 11.0 3.0 0.0 0.0 0.0 0.0 0.0 0.0 4.0 7.0 0.0 0.0 0.0 0.0 0.0 0.0 0.0 0.0 0.0 0.0 0.0 0.0 0.0 0.0 0.0 0.0 0.0 0.0 
220.0 8.0 6.0 0.0 0.0 0.0 0.0 0.0 10.0 15.0 6.0 1.0 0.0 1.0 0.0 0.0 4.0 6.0 15.0 9.0 1.0 1.0 0.0 0.0 0.0 4.0 7.0 2.0 3.0 0.0 0.0 0.0 0.0 0.0 2.0 3.0 3.0 2.0 0.0 0.0 0.0 0.0 0.0 1.0 3.0 2.0 0.0 0.0 0.0 0.0 0.0 0.0 0.0 0.0 0.0 0.0 0.0 0.0 0.0 0.0 0.0 0.0 0.0 0.0 
220.0 11.0 0.0 1.0 0.0 0.0 0.0 0.0 10.0 18.0 5.0 4.0 0.0 1.0 0.0 0.0 2.0 8.0 10.0 1.0 1.0 0.0 0.0 0.0 0.0 1.0 5.0 11.0 3.0 2.0 0.0 0.0 0.0 0.0 2.0 5.0 5.0 1.0 0.0 0.0 0.0 0.0 0.0 0.0 4.0 4.0 0.0 0.0 0.0 0.0 0.0 0.0 0.0 0.0 0.0 0.0 0.0 0.0 0.0 0.0 0.0 0.0 0.0 0.0 
215.0 14.0 1.0 0.0 0.0 0.0 0.0 0.0 14.0 13.0 9.0 1.0 0.0 0.0 0.0 0.0 0.0 8.0 6.0 5.0 3.0 0.0 0.0 0.0 1.0 1.0 4.0 4.0 7.0 0.0 0.0 0.0 0.0 0.0 2.0 6.0 5.0 4.0 0.0 0.0 0.0 1.0 0.0 1.0 2.0 8.0 0.0 0.0 0.0 0.0 0.0 0.0 0.0 0.0 0.0 0.0 0.0 0.0 0.0 0.0 0.0 0.0 0.0 0.0 
239.0 10.0 2.0 0.0 0.0 0.0 0.0 0.0 8.0 6.0 6.0 0.0 0.0 0.0 0.0 0.0 2.0 4.0 3.0 4.0 1.0 0.0 0.0 0.0 1.0 0.0 2.0 2.0 5.0 3.0 0.0 0.0 1.0 0.0 0.0 6.0 6.0 5.0 0.0 0.0 0.0 0.0 1.0 1.0 6.0 11.0 0.0 0.0 0.0 0.0 0.0 0.0 0.0 0.0 0.0 0.0 0.0 0.0 0.0 0.0 0.0 0.0 0.0 0.0 
207.0 8.0 3.0 0.0 0.0 0.0 0.0 0.0 7.0 23.0 12.0 5.0 0.0 0.0 0.0 0.0 1.0 11.0 9.0 7.0 3.0 0.0 0.0 0.0 2.0 5.0 5.0 8.0 3.0 0.0 0.0 0.0 1.0 0.0 1.0 3.0 2.0 3.0 0.0 0.0 0.0 0.0 1.0 0.0 2.0 3.0 0.0 0.0 0.0 0.0 0.0 0.0 0.0 0.0 0.0 0.0 0.0 0.0 0.0 0.0 0.0 0.0 0.0 0.0 
232.0 15.0 1.0 2.0 0.0 0.0 0.0 0.0 14.0 16.0 8.0 2.0 0.0 0.0 0.0 0.0 3.0 7.0 6.0 4.0 0.0 0.0 0.0 0.0 1.0 2.0 4.0 3.0 2.0 1.0 0.0 0.0 0.0 0.0 0.0 2.0 6.0 1.0 0.0 0.0 0.0 0.0 1.0 0.0 1.0 1.0 0.0 0.0 0.0 0.0 0.0 0.0 0.0 0.0 0.0 0.0 0.0 0.0 0.0 0.0 0.0 0.0 0.0 0.0 
209.0 16.0 6.0 0.0 0.0 0.0 0.0 0.0 14.0 13.0 8.0 2.0 1.0 0.0 0.0 0.0 5.0 4.0 4.0 9.0 1.0 0.0 0.0 0.0 1.0 4.0 4.0 6.0 5.0 0.0 0.0 0.0 2.0 1.0 1.0 3.0 5.0 2.0 0.0 0.0 0.0 0.0 0.0 0.0 2.0 7.0 0.0 0.0 0.0 0.0 0.0 0.0 0.0 0.0 0.0 0.0 0.0 0.0 0.0 0.0 0.0 0.0 0.0 0.0 
225.0 6.0 1.0 0.0 0.0 0.0 0.0 0.0 3.0 16.0 5.0 1.0 0.0 0.0 0.0 0.0 4.0 3.0 8.0 4.0 1.0 0.0 0.0 0.0 0.0 0.0 4.0 1.0 7.0 1.0 0.0 0.0 0.0 0.0 2.0 6.0 14.0 2.0 1.0 0.0 0.0 0.0 0.0 1.0 2.0 16.0 0.0 0.0 0.0 0.0 0.0 0.0 1.0 0.0 0.0 0.0 0.0 0.0 0.0 0.0 0.0 0.0 0.0 0.0 
195.0 10.0 3.0 4.0 0.0 0.0 0.0 0.0 9.0 11.0 8.0 0.0 0.0 0.0 0.0 0.0 6.0 6.0 9.0 9.0 0.0 0.0 0.0 0.0 2.0 0.0 9.0 6.0 7.0 3.0 0.0 0.0 0.0 1.0 1.0 4.0 7.0 4.0 0.0 0.0 0.0 0.0 0.0 4.0 3.0 14.0 0.0 0.0 0.0 0.0 0.0 0.0 0.0 0.0 0.0 0.0 0.0 0.0 0.0 0.0 0.0 0.0 0.0 0.0 
229.0 10.0 0.0 0.0 0.0 0.0 0.0 0.0 8.0 22.0 6.0 4.0 0.0 0.0 0.0 0.0 1.0 6.0 9.0 5.0 1.0 0.0 0.0 0.0 1.0 2.0 6.0 7.0 2.0 2.0 0.0 0.0 0.0 0.0 0.0 3.0 2.0 2.0 0.0 0.0 0.0 0.0 1.0 1.0 2.0 3.0 0.0 0.0 0.0 0.0 0.0 0.0 0.0 0.0 0.0 0.0 0.0 0.0 0.0 0.0 0.0 0.0 0.0 0.0 
197.0 12.0 0.0 0.0 1.0 0.0 0.0 0.0 6.0 10.0 15.0 1.0 1.0 0.0 0.0 0.0 5.0 8.0 6.0 7.0 1.0 0.0 0.0 0.0 2.0 2.0 4.0 8.0 7.0 0.0 0.0 0.0 0.0 0.0 2.0 7.0 11.0 7.0 0.0 0.0 0.0 1.0 0.0 0.0 6.0 8.0 0.0 0.0 0.0 0.0 0.0 0.0 0.0 0.0 0.0 0.0 0.0 0.0 0.0 0.0 0.0 0.0 0.0 0.0 
195.0 13.0 2.0 0.0 0.0 0.0 0.0 0.0 9.0 28.0 12.0 1.0 0.0 1.0 0.0 0.0 4.0 4.0 11.0 8.0 3.0 0.0 0.0 0.0 1.0 4.0 4.0 6.0 4.0 1.0 0.0 0.0 1.0 2.0 0.0 4.0 8.0 3.0 0.0 0.0 0.0 0.0 1.0 1.0 3.0 1.0 0.0 0.0 0.0 0.0 0.0 0.0 0.0 0.0 0.0 0.0 0.0 0.0 0.0 0.0 0.0 0.0 0.0 0.0 
190.0 8.0 0.0 0.0 1.0 0.0 0.0 0.0 7.0 6.0 7.0 1.0 0.0 0.0 0.0 0.0 2.0 6.0 13.0 8.0 1.0 0.0 0.0 0.0 0.0 1.0 7.0 15.0 8.0 0.0 0.0 0.0 0.0 0.0 3.0 6.0 15.0 5.0 0.0 0.0 0.0 0.0 0.0 1.0 4.0 20.0 0.0 0.0 0.0 0.0 0.0 0.0 0.0 0.0 0.0 0.0 0.0 0.0 0.0 0.0 0.0 0.0 0.0 0.0 
204.0 7.0 1.0 0.0 0.0 0.0 0.0 0.0 8.0 5.0 7.0 0.0 0.0 0.0 0.0 0.0 0.0 8.0 5.0 7.0 0.0 0.0 0.0 0.0 0.0 0.0 5.0 10.0 6.0 0.0 0.0 0.0 0.0 0.0 2.0 4.0 16.0 8.0 0.0 0.0 0.0 0.0 0.0 0.0 8.0 24.0 0.0 0.0 0.0 0.0 0.0 0.0 0.0 0.0 0.0 0.0 0.0 0.0 0.0 0.0 0.0 0.0 0.0 0.0 
206.0 8.0 1.0 0.0 0.0 0.0 0.0 0.0 8.0 11.0 12.0 1.0 0.0 0.0 0.0 0.0 1.0 9.0 15.0 4.0 2.0 1.0 0.0 0.0 0.0 4.0 3.0 4.0 5.0 2.0 0.0 0.0 0.0 0.0 1.0 7.0 8.0 4.0 0.0 0.0 0.0 0.0 0.0 2.0 5.0 11.0 0.0 0.0 0.0 0.0 0.0 0.0 0.0 0.0 0.0 0.0 0.0 0.0 0.0 0.0 0.0 0.0 0.0 0.0 
209.0 11.0 2.0 0.0 0.0 0.0 0.0 0.0 10.0 13.0 10.0 0.0 0.0 0.0 0.0 0.0 2.0 6.0 1.0 10.0 1.0 0.0 0.0 0.0 1.0 3.0 4.0 13.0 8.0 0.0 0.0 0.0 0.0 0.0 3.0 4.0 19.0 2.0 0.0 0.0 0.0 0.0 0.0 2.0 0.0 1.0 0.0 0.0 0.0 0.0 0.0 0.0 0.0 0.0 0.0 0.0 0.0 0.0 0.0 0.0 0.0 0.0 0.0 0.0 
199.0 10.0 6.0 0.0 0.0 0.0 0.0 0.0 9.0 9.0 7.0 7.0 0.0 0.0 0.0 0.0 5.0 8.0 8.0 5.0 2.0 0.0 0.0 0.0 1.0 4.0 6.0 13.0 2.0 3.0 0.0 0.0 1.0 1.0 1.0 2.0 5.0 3.0 0.0 0.0 0.0 0.0 0.0 2.0 4.0 12.0 0.0 0.0 0.0 0.0 0.0 0.0 0.0 0.0 0.0 0.0 0.0 0.0 0.0 0.0 0.0 0.0 0.0 0.0 
216.0 12.0 2.0 0.0 0.0 0.0 0.0 0.0 11.0 12.0 6.0 2.0 0.0 0.0 0.0 0.0 3.0 5.0 7.0 6.0 5.0 0.0 0.0 0.0 0.0 2.0 9.0 8.0 1.0 0.0 0.0 0.0 0.0 0.0 2.0 4.0 16.0 2.0 0.0 0.0 0.0 0.0 0.0 0.0 2.0 2.0 0.0 0.0 0.0 0.0 0.0 0.0 0.0 0.0 0.0 0.0 0.0 0.0 0.0 0.0 0.0 0.0 0.0 0.0 
199.0 7.0 1.0 0.0 0.0 0.0 0.0 0.0 7.0 6.0 6.0 2.0 0.0 0.0 0.0 0.0 1.0 4.0 4.0 7.0 0.0 1.0 0.0 0.0 0.0 4.0 5.0 15.0 6.0 1.0 0.0 0.0 0.0 0.0 0.0 7.0 26.0 5.0 0.0 0.0 0.0 0.0 1.0 0.0 6.0 14.0 0.0 0.0 0.0 0.0 0.0 0.0 0.0 0.0 0.0 0.0 0.0 0.0 0.0 0.0 0.0 0.0 0.0 0.0 
233.0 6.0 1.0 0.0 0.0 0.0 0.0 0.0 6.0 10.0 11.0 3.0 0.0 0.0 0.0 0.0 1.0 13.0 8.0 8.0 0.0 0.0 0.0 0.0 0.0 1.0 9.0 6.0 4.0 0.0 0.0 0.0 0.0 0.0 1.0 3.0 9.0 1.0 0.0 0.0 0.0 0.0 0.0 0.0 1.0 0.0 0.0 0.0 0.0 0.0 0.0 0.0 0.0 0.0 0.0 0.0 0.0 0.0 0.0 0.0 0.0 0.0 0.0 0.0 
209.0 11.0 1.0 0.0 0.0 0.0 0.0 0.0 10.0 13.0 5.0 4.0 0.0 0.0 0.0 0.0 2.0 5.0 14.0 7.0 2.0 0.0 0.0 0.0 0.0 2.0 8.0 9.0 7.0 2.0 0.0 0.0 0.0 1.0 2.0 8.0 9.0 1.0 0.0 0.0 0.0 0.0 0.0 0.0 3.0 0.0 0.0 0.0 0.0 0.0 0.0 0.0 0.0 0.0 0.0 0.0 0.0 0.0 0.0 0.0 0.0 0.0 0.0 0.0 
214.0 8.0 0.0 2.0 0.0 0.0 0.0 0.0 8.0 7.0 7.0 3.0 0.0 0.0 0.0 0.0 2.0 8.0 10.0 9.0 0.0 1.0 0.0 0.0 0.0 2.0 11.0 6.0 8.0 0.0 0.0 0.0 0.0 0.0 2.0 4.0 7.0 4.0 0.0 0.0 0.0 0.0 0.0 3.0 2.0 7.0 0.0 0.0 0.0 0.0 0.0 0.0 0.0 0.0 0.0 0.0 0.0 0.0 0.0 0.0 0.0 0.0 0.0 0.0 
239.0 10.0 2.0 0.0 0.0 0.0 0.0 0.0 11.0 15.0 6.0 1.0 0.0 0.0 0.0 0.0 0.0 7.0 4.0 2.0 3.0 0.0 0.0 0.0 0.0 1.0 4.0 5.0 3.0 0.0 0.0 0.0 1.0 0.0 0.0 5.0 11.0 1.0 0.0 0.0 0.0 0.0 0.0 0.0 1.0 3.0 0.0 0.0 0.0 0.0 0.0 0.0 0.0 0.0 0.0 0.0 0.0 0.0 0.0 0.0 0.0 0.0 0.0 0.0 
219.0 12.0 1.0 0.0 0.0 0.0 0.0 0.0 10.0 13.0 6.0 2.0 0.0 0.0 0.0 0.0 3.0 4.0 10.0 6.0 1.0 1.0 0.0 0.0 0.0 2.0 4.0 4.0 3.0 2.0 0.0 0.0 0.0 0.0 3.0 3.0 8.0 1.0 0.0 0.0 0.0 0.0 1.0 0.0 3.0 13.0 0.0 0.0 0.0 0.0 0.0 0.0 0.0 0.0 0.0 0.0 0.0 0.0 0.0 0.0 0.0 0.0 0.0 0.0 
260.0 7.0 2.0 0.0 0.0 0.0 0.0 0.0 8.0 8.0 6.0 0.0 0.0 0.0 0.0 0.0 1.0 6.0 8.0 7.0 0.0 0.0 0.0 0.0 0.0 1.0 4.0 4.0 3.0 0.0 0.0 0.0 0.0 0.0 2.0 0.0 5.0 1.0 0.0 0.0 0.0 0.0 0.0 1.0 0.0 1.0 0.0 0.0 0.0 0.0 0.0 0.0 0.0 0.0 0.0 0.0 0.0 0.0 0.0 0.0 0.0 0.0 0.0 0.0 
241.0 5.0 4.0 0.0 0.0 0.0 0.0 0.0 7.0 3.0 2.0 1.0 0.0 0.0 0.0 0.0 2.0 5.0 4.0 7.0 0.0 0.0 0.0 0.0 0.0 0.0 7.0 10.0 7.0 1.0 0.0 0.0 0.0 0.0 1.0 7.0 11.0 3.0 0.0 0.0 0.0 0.0 0.0 0.0 4.0 3.0 0.0 0.0 0.0 0.0 0.0 0.0 0.0 0.0 0.0 0.0 0.0 0.0 0.0 0.0 0.0 0.0 0.0 0.0 
252.0 6.0 4.0 1.0 0.0 0.0 0.0 0.0 8.0 7.0 4.0 1.0 0.0 0.0 0.0 0.0 2.0 5.0 7.0 5.0 1.0 0.0 0.0 0.0 1.0 0.0 4.0 4.0 5.0 0.0 0.0 0.0 0.0 1.0 1.0 3.0 8.0 2.0 0.0 0.0 0.0 1.0 0.0 0.0 1.0 1.0 0.0 0.0 0.0 0.0 0.0 0.0 0.0 0.0 0.0 0.0 0.0 0.0 0.0 0.0 0.0 0.0 0.0 0.0 
240.0 2.0 5.0 1.0 0.0 1.0 0.0 0.0 5.0 4.0 2.0 0.0 0.0 0.0 0.0 0.0 4.0 3.0 16.0 7.0 3.0 0.0 0.0 0.0 0.0 2.0 6.0 7.0 5.0 1.0 0.0 0.0 0.0 0.0 3.0 4.0 7.0 2.0 0.0 0.0 0.0 0.0 1.0 2.0 1.0 1.0 0.0 0.0 0.0 0.0 0.0 0.0 0.0 0.0 0.0 0.0 0.0 0.0 0.0 0.0 0.0 0.0 0.0 0.0 
251.0 2.0 6.0 0.0 0.0 0.0 0.0 0.0 7.0 3.0 0.0 0.0 1.0 0.0 0.0 0.0 1.0 3.0 6.0 5.0 2.0 0.0 0.0 0.0 0.0 0.0 2.0 5.0 6.0 0.0 0.0 0.0 0.0 3.0 3.0 3.0 12.0 4.0 0.0 0.0 0.0 0.0 0.0 0.0 4.0 6.0 0.0 0.0 0.0 0.0 0.0 0.0 0.0 0.0 0.0 0.0 0.0 0.0 0.0 0.0 0.0 0.0 0.0 0.0 
256.0 5.0 3.0 0.0 0.0 0.0 0.0 0.0 3.0 10.0 3.0 2.0 1.0 0.0 0.0 0.0 4.0 3.0 4.0 3.0 0.0 0.0 0.0 0.0 1.0 1.0 3.0 9.0 4.0 0.0 0.0 0.0 0.0 0.0 1.0 4.0 15.0 0.0 0.0 0.0 0.0 0.0 0.0 0.0 0.0 0.0 0.0 0.0 0.0 0.0 0.0 0.0 0.0 0.0 0.0 0.0 0.0 0.0 0.0 0.0 0.0 0.0 0.0 0.0 
274.0 11.0 0.0 0.0 0.0 0.0 0.0 0.0 10.0 10.0 6.0 2.0 0.0 0.0 0.0 0.0 1.0 6.0 4.0 2.0 1.0 0.0 0.0 0.0 0.0 0.0 4.0 1.0 0.0 0.0 0.0 0.0 0.0 1.0 0.0 0.0 2.0 0.0 0.0 0.0 0.0 0.0 0.0 0.0 0.0 0.0 0.0 0.0 0.0 0.0 0.0 0.0 0.0 0.0 0.0 0.0 0.0 0.0 0.0 0.0 0.0 0.0 0.0 0.0 
275.0 7.0 4.0 0.0 0.0 0.0 0.0 0.0 8.0 1.0 2.0 0.0 0.0 0.0 0.0 0.0 2.0 1.0 4.0 5.0 1.0 0.0 0.0 0.0 0.0 0.0 2.0 6.0 4.0 0.0 0.0 0.0 1.0 2.0 1.0 1.0 5.0 1.0 0.0 0.0 0.0 0.0 0.0 0.0 1.0 1.0 0.0 0.0 0.0 0.0 0.0 0.0 0.0 0.0 0.0 0.0 0.0 0.0 0.0 0.0 0.0 0.0 0.0 0.0 
253.0 7.0 4.0 0.0 0.0 0.0 0.0 0.0 9.0 5.0 4.0 0.0 1.0 0.0 0.0 0.0 2.0 6.0 5.0 6.0 0.0 0.0 0.0 0.0 0.0 1.0 3.0 5.0 3.0 1.0 0.0 0.0 0.0 0.0 3.0 2.0 12.0 1.0 0.0 0.0 0.0 0.0 0.0 0.0 2.0 0.0 0.0 0.0 0.0 0.0 0.0 0.0 0.0 0.0 0.0 0.0 0.0 0.0 0.0 0.0 0.0 0.0 0.0 0.0 
250.0 6.0 4.0 0.0 0.0 0.0 0.0 0.0 6.0 4.0 6.0 0.0 0.0 0.0 0.0 0.0 4.0 4.0 1.0 6.0 0.0 0.0 0.0 0.0 0.0 1.0 1.0 11.0 6.0 0.0 0.0 0.0 0.0 1.0 3.0 2.0 19.0 0.0 0.0 0.0 0.0 0.0 0.0 0.0 0.0 0.0 0.0 0.0 0.0 0.0 0.0 0.0 0.0 0.0 0.0 0.0 0.0 0.0 0.0 0.0 0.0 0.0 0.0 0.0 
263.0 12.0 0.0 1.0 0.0 0.0 0.0 0.0 10.0 12.0 4.0 0.0 0.0 0.0 0.0 0.0 2.0 1.0 2.0 3.0 0.0 0.0 0.0 0.0 1.0 0.0 1.0 2.0 4.0 0.0 0.0 0.0 0.0 1.0 1.0 2.0 13.0 0.0 0.0 0.0 0.0 0.0 0.0 0.0 0.0 0.0 0.0 0.0 0.0 0.0 0.0 0.0 0.0 0.0 0.0 0.0 0.0 0.0 0.0 0.0 0.0 0.0 0.0 0.0 
281.0 6.0 1.0 1.0 0.0 0.0 0.0 0.0 8.0 12.0 4.0 0.0 0.0 0.0 0.0 0.0 0.0 3.0 2.0 4.0 0.0 0.0 0.0 0.0 0.0 3.0 2.0 3.0 1.0 0.0 0.0 0.0 0.0 0.0 0.0 1.0 3.0 0.0 0.0 0.0 0.0 0.0 0.0 0.0 0.0 0.0 0.0 0.0 0.0 0.0 0.0 0.0 0.0 0.0 0.0 0.0 0.0 0.0 0.0 0.0 0.0 0.0 0.0 0.0 
264.0 9.0 1.0 0.0 0.0 0.0 0.0 0.0 7.0 1.0 6.0 0.0 0.0 0.0 0.0 0.0 3.0 4.0 2.0 5.0 1.0 0.0 0.0 0.0 0.0 0.0 3.0 6.0 4.0 0.0 0.0 0.0 0.0 0.0 3.0 2.0 14.0 0.0 0.0 0.0 0.0 0.0 0.0 0.0 0.0 0.0 0.0 0.0 0.0 0.0 0.0 0.0 0.0 0.0 0.0 0.0 0.0 0.0 0.0 0.0 0.0 0.0 0.0 0.0 
284.0 6.0 0.0 3.0 0.0 0.0 0.0 0.0 5.0 4.0 5.0 0.0 0.0 0.0 0.0 0.0 3.0 2.0 3.0 4.0 0.0 0.0 0.0 0.0 1.0 2.0 3.0 5.0 1.0 0.0 0.0 0.0 0.0 0.0 1.0 0.0 3.0 0.0 0.0 0.0 0.0 0.0 0.0 0.0 0.0 0.0 0.0 0.0 0.0 0.0 0.0 0.0 0.0 0.0 0.0 0.0 0.0 0.0 0.0 0.0 0.0 0.0 0.0 0.0 
254.0 9.0 1.0 0.0 0.0 0.0 0.0 0.0 7.0 2.0 7.0 1.0 1.0 0.0 0.0 0.0 3.0 3.0 5.0 6.0 0.0 0.0 0.0 0.0 0.0 4.0 1.0 5.0 5.0 0.0 0.0 0.0 0.0 0.0 3.0 3.0 15.0 0.0 0.0 0.0 0.0 0.0 0.0 0.0 0.0 0.0 0.0 0.0 0.0 0.0 0.0 0.0 0.0 0.0 0.0 0.0 0.0 0.0 0.0 0.0 0.0 0.0 0.0 0.0 
